healthcare: 0.14652953900053436
schools: 0.6141939792380678
libraries: 0
transit: 0
blockmedian: 8772.982577961764
blockmean: 12847.256363683286
density: 7839.514048267787
