healthcare: 0.45507006932160515
schools: 0.19403906611004795
libraries: 0
transit: 0
blockmedian: 9223.659173212707
blockmean: 19376.44195083137
density: 5014.424824431801
